joe biden,"[0.49619686621121334, 0.619354914980691]",48,105
joe biden,"[0.500770165956485, 0.08984539888216041]",66,123
joe biden,"[0.5007701659564849, 0.06339912988637383]",67,124
joe biden,"[0.5130315524107397, 0.045309303806129166]",68,125
joe biden,"[0.5678448928647383, 0.1386203258487284]",71,128
joe biden,"[0.6186063106740185, 0.25408898847521433]",72,129
joe biden,"[0.6080596666096632, 0.2028447656837627]",73,130
joe biden,"[0.6078431372549019, 0.20251754630682514]",74,131
joe biden,"[0.5738084194655948, 0.19176440225513527]",75,132
joe biden,"[0.5641109608000311, 0.16652833492336988]",76,133
joe biden,"[0.564110960800031, 0.15620613573407308]",77,134
joe biden,"[0.563263871030423, 0.14545313658223163]",78,135
joe biden,"[0.563263871030423, 0.14591939755164676]",79,136
joe biden,"[0.5785926672283324, 0.06473166127626172]",80,137
joe biden,"[0.5785926672283322, 0.05317875357138884]",81,138
joe biden,"[0.5785926672283322, 0.04304514837762989]",82,139
joe biden,"[0.5785926672283321, 0.043045148377629884]",83,140
joe biden,"[0.5495513028399959, 0.04304514837762988]",84,141
joe biden,"[0.5406026745563902, 0.043004641885970495]",85,142
joe biden,"[0.5406026745563901, 0.043004641885970495]",86,143
barack obama,"[0.5160924896186918, -0.1689159811730441]",34,91
barack obama,"[0.5102040816326529, -0.1458333333333333]",36,93
barack obama,"[0.5102040816326529, -0.1336306209562122]",37,94
barack obama,"[0.56736651461358, -0.1336306209562122]",38,95
barack obama,"[0.56736651461358, -0.12076147288491199]",39,96
barack obama,"[0.6390644422470537, -0.12076147288491199]",40,97
barack obama,"[0.6390644422470537, -0.10694815798662459]",41,98
barack obama,"[0.5764613536983133, -0.09799919151000507]",42,99
barack obama,"[0.5764613536983133, -0.09799919151000508]",43,100
barack obama,"[0.5764613536983133, -0.09799919151000504]",44,101
barack obama,"[0.5764613536983133, -0.09799919151000507]",45,102
barack obama,"[0.5764613536983133, -0.09799919151000507]",46,103
barack obama,"[0.5764613536983133, -0.09799919151000508]",47,104
barack obama,"[0.5764613536983133, -0.09799919151000504]",48,105
barack obama,"[0.5764613536983133, -0.09799919151000505]",49,106
barack obama,"[0.6390644422470537, -0.11065666703449761]",50,107
barack obama,"[0.6390644422470537, -0.120761472884912]",51,108
barack obama,"[0.6390644422470538, -0.12076147288491197]",52,109
barack obama,"[0.6390644422470537, -0.12076147288491199]",53,110
barack obama,"[0.6390644422470537, -0.12076147288491199]",54,111
barack obama,"[0.6390644422470537, -0.12076147288491199]",55,112
barack obama,"[0.6390644422470538, -0.12076147288491199]",56,113
barack obama,"[0.6390644422470537, -0.12076147288491201]",57,114
barack obama,"[0.6390644422470537, -0.12076147288491199]",58,115
barack obama,"[0.6390644422470537, -0.12076147288491201]",59,116
barack obama,"[0.56736651461358, -0.13363062095621223]",60,117
barack obama,"[0.56736651461358, -0.13363062095621223]",61,118
barack obama,"[0.56736651461358, -0.13363062095621217]",62,119
barack obama,"[0.56736651461358, -0.13363062095621223]",63,120
barack obama,"[0.56736651461358, -0.13363062095621217]",64,121
barack obama,"[0.56736651461358, -0.1336306209562122]",65,122
barack obama,"[0.56736651461358, -0.13363062095621217]",66,123
barack obama,"[0.56736651461358, -0.1336306209562122]",67,124
barack obama,"[0.6266666666666665, -0.12244897959183684]",68,125
barack obama,"[0.6266666666666665, -0.11065666703449761]",69,126
barack obama,"[0.5607843137254903, -0.10000000000000002]",70,127
barack obama,"[0.6426284637199844, -0.08856148855400958]",71,128
barack obama,"[0.759841095602257, -0.07595545253127502]",72,129
barack obama,"[0.7598410956022568, -0.07595545253127502]",73,130
barack obama,"[0.7598410956022569, -0.07595545253127503]",74,131
barack obama,"[0.7598410956022568, -0.075955452531275]",75,132
barack obama,"[0.759841095602257, -0.075955452531275]",76,133
barack obama,"[0.7598410956022568, -0.06726727939963127]",77,134
barack obama,"[0.693888666488711, -0.05440288995827392]",78,135
barack obama,"[0.693888666488711, -0.046659063586875195]",79,136
barack obama,"[0.8089010988089467, -0.046659063586875195]",80,137
barack obama,"[0.8089010988089465, -0.03773584905660377]",81,138
barack obama,"[0.7006490497453701, -0.026435052857271473]",82,139
barack obama,"[0.7006490497453701, -0.026435052857271473]",83,140
barack obama,"[0.7006490497453701, -0.02643505285727147]",84,141
barack obama,"[0.7006490497453701, -0.02643505285727147]",85,142
barack obama,"[0.7006490497453701, -0.02643505285727147]",86,143
barack obama,"[0.7006490497453701, -0.02643505285727147]",87,144
barack obama,"[0.7006490497453701, -0.026435052857271463]",88,145
barack obama,"[0.7006490497453701, -0.02643505285727147]",89,146
barack obama,"[0.70064904974537, -0.026435052857271463]",90,147
barack obama,"[0.7006490497453701, -0.026435052857271463]",91,148
barack obama,"[0.70064904974537, -0.026435052857271463]",92,149
barack obama,"[0.7006490497453701, -0.026435052857271463]",93,150
barack obama,"[0.70064904974537, -0.026435052857271463]",94,151
barack obama,"[0.7006490497453701, -0.026435052857271463]",95,152
barack obama,"[0.70064904974537, -0.026435052857271463]",96,153
barack obama,"[0.7006490497453701, -0.026435052857271463]",97,154
ted cruz,"[0.5823718023500649, 0.7183401785012428]",0,57
ted cruz,"[0.5858571591410403, 0.7183401785012427]",1,58
ted cruz,"[0.6534982114128831, 0.7975830777908771]",2,59
ted cruz,"[0.7004797013863335, 0.773235707261328]",3,60
ted cruz,"[0.6496694566965081, 0.7307810022388542]",4,61
ted cruz,"[0.5875254710516968, 0.18556786091946917]",5,62
alexandria ocasio-cortez,"[0.4861724348043978, 0.5665577237325317]",15,72
alexandria ocasio-cortez,"[0.15808651582811734, 0.6237330526175063]",20,77
alexandria ocasio-cortez,"[0.1448413648755803, 0.6237330526175062]",21,78
alexandria ocasio-cortez,"[0.1448413648755803, 0.5951426248684512]",22,79
alexandria ocasio-cortez,"[0.1327922390580201, 0.5951426248684512]",23,80
alexandria ocasio-cortez,"[0.1327922390580201, 0.5698884856650822]",24,81
alexandria ocasio-cortez,"[0.12171612389003693, 0.5698884856650822]",25,82
alexandria ocasio-cortez,"[0.12171612389003693, 0.5473675073812083]",26,83
alexandria ocasio-cortez,"[0.12171612389003689, 0.5473675073812083]",27,84
alexandria ocasio-cortez,"[0.11144179967299822, 0.5473675073812083]",28,85
alexandria ocasio-cortez,"[0.11144179967299823, 0.5271205503025957]",29,86
alexandria ocasio-cortez,"[0.11144179967299823, 0.5271205503025957]",30,87
alexandria ocasio-cortez,"[0.11144179967299823, 0.5271205503025957]",31,88
alexandria ocasio-cortez,"[0.11144179967299825, 0.5271205503025957]",32,89
alexandria ocasio-cortez,"[0.11144179967299825, 0.5271205503025957]",33,90
alexandria ocasio-cortez,"[0.11144179967299825, 0.5271205503025957]",34,91
alexandria ocasio-cortez,"[0.11144179967299825, 0.5271205503025957]",35,92
alexandria ocasio-cortez,"[0.11144179967299825, 0.5271205503025957]",36,93
alexandria ocasio-cortez,"[0.11144179967299825, 0.5271205503025957]",37,94
alexandria ocasio-cortez,"[0.11144179967299825, 0.5271205503025956]",38,95
alexandria ocasio-cortez,"[0.11144179967299828, 0.5271205503025956]",39,96
alexandria ocasio-cortez,"[0.11144179967299828, 0.5271205503025956]",40,97
alexandria ocasio-cortez,"[0.11144179967299828, 0.5271205503025956]",41,98
alexandria ocasio-cortez,"[0.11144179967299828, 0.5271205503025956]",42,99
alexandria ocasio-cortez,"[0.11144179967299828, 0.5271205503025957]",43,100
alexandria ocasio-cortez,"[0.11144179967299826, 0.5271205503025957]",44,101
alexandria ocasio-cortez,"[0.11144179967299826, 0.5271205503025957]",45,102
alexandria ocasio-cortez,"[0.11144179967299826, 0.5271205503025956]",46,103
alexandria ocasio-cortez,"[0.11144179967299826, 0.5271205503025957]",47,104
alexandria ocasio-cortez,"[0.11144179967299825, 0.5271205503025957]",48,105
alexandria ocasio-cortez,"[0.11144179967299828, 0.5271205503025956]",49,106
alexandria ocasio-cortez,"[0.11144179967299825, 0.5271205503025956]",50,107
jesus christ,"[0.7531290519149066, -0.03586095690932793]",0,57
jesus christ,"[0.7531290519149068, -0.035860956909327925]",1,58
jesus christ,"[0.7531290519149066, -0.03586095690932793]",2,59
jesus christ,"[0.7531290519149066, -0.035860956909327925]",3,60
jesus christ,"[0.7531290519149069, -0.03586095690932792]",4,61
jesus christ,"[0.7531290519149069, -0.03586095690932792]",5,62
jesus christ,"[0.753129051914907, -0.03586095690932791]",6,63
jesus christ,"[0.7041673956485345, -0.03586095690932791]",7,64
jesus christ,"[0.7041673956485345, -0.04062222318511938]",8,65
jesus christ,"[0.7041673956485345, -0.040622223185119356]",9,66
jesus christ,"[0.7041673956485345, -0.040622223185119356]",10,67
jesus christ,"[0.7041673956485345, -0.040622223185119356]",11,68
jesus christ,"[0.7041673956485345, -0.04062222318511936]",12,69
jesus christ,"[0.6637465183030646, -0.040622223185119356]",13,70
jesus christ,"[0.6637465183030646, -0.0451059392599118]",14,71
jesus christ,"[0.6296673236054279, -0.04510593925991181]",15,72
jesus christ,"[0.6004529584489613, -0.04938271604938273]",16,73
jesus christ,"[0.575070133095421, -0.05350322812548161]",17,74
jesus christ,"[0.575070133095421, -0.057505463278529505]",18,75
jesus christ,"[0.575070133095421, -0.057505463278529505]",19,76
jesus christ,"[0.575070133095421, -0.0575054632785295]",20,77
jesus christ,"[0.575070133095421, -0.057505463278529505]",21,78
jesus christ,"[0.5750701330954212, -0.05750546327852951]",22,79
jesus christ,"[0.6004529584489613, -0.05350322812548162]",23,80
jesus christ,"[0.6004529584489613, -0.053503228125481604]",24,81
jesus christ,"[0.6004529584489614, -0.05350322812548161]",25,82
jesus christ,"[0.6004529584489614, -0.05350322812548161]",26,83
jesus christ,"[0.6004529584489614, -0.05350322812548161]",27,84
jesus christ,"[0.6004529584489614, -0.053503228125481604]",28,85
jesus christ,"[0.6004529584489614, -0.05350322812548162]",29,86
jesus christ,"[0.6004529584489614, -0.05350322812548162]",30,87
jesus christ,"[0.6004529584489614, -0.05350322812548162]",31,88
jesus christ,"[0.6004529584489614, -0.053503228125481604]",32,89
jesus christ,"[0.6004529584489614, -0.05350322812548161]",33,90
jesus christ,"[0.6004529584489614, -0.053503228125481604]",34,91
jesus christ,"[0.6004529584489614, -0.053503228125481604]",35,92
jesus christ,"[0.6004529584489614, -0.053503228125481604]",36,93
jesus christ,"[0.6004529584489614, -0.05350322812548162]",37,94
jesus christ,"[0.6004529584489613, -0.05350322812548161]",38,95
jesus christ,"[0.6296673236054278, -0.049382716049382734]",39,96
jesus christ,"[0.6296673236054278, -0.049382716049382734]",40,97
jesus christ,"[0.6296673236054278, -0.04938271604938274]",41,98
jesus christ,"[0.6296673236054278, -0.049382716049382734]",42,99
jesus christ,"[0.6296673236054278, -0.049382716049382734]",43,100
jesus christ,"[0.6296673236054278, -0.049382716049382734]",44,101
jesus christ,"[0.6296673236054278, -0.04938271604938274]",45,102
jesus christ,"[0.6296673236054277, -0.049382716049382734]",46,103
jesus christ,"[0.6296673236054277, -0.049382716049382734]",47,104
jesus christ,"[0.6637465183030645, -0.0451059392599118]",48,105
jesus christ,"[0.6296673236054277, -0.045105939259911805]",49,106
jesus christ,"[0.6004529584489611, -0.049382716049382734]",50,107
jesus christ,"[0.6004529584489611, -0.053503228125481604]",51,108
jesus christ,"[0.6004529584489611, -0.053503228125481604]",52,109
jesus christ,"[0.6004529584489611, nan]",53,110
xi jinping,"[0.7006490497453706, -0.02643505285727147]",0,57
xi jinping,"[0.7006490497453706, -0.02643505285727147]",1,58
xi jinping,"[0.5667557862184744, -0.02643505285727147]",2,59
apple,"[0.5667557862184746, nan]",78,135
apple,"[0.5667557862184746, -0.02643505285727147]",79,136
apple,"[0.7006490497453706, -0.026435052857271466]",80,137
apple,"[0.7006490497453706, -0.026435052857271466]",81,138
apple,"[0.7006490497453705, -0.026435052857271466]",82,139
apple,"[0.7006490497453703, -0.026435052857271466]",83,140
apple,"[0.7006490497453703, -0.026435052857271463]",84,141
apple,"[0.7006490497453703, -0.026435052857271463]",85,142
apple,"[0.7006490497453703, -0.02643505285727147]",86,143
apple,"[0.7006490497453703, -0.02643505285727147]",87,144
apple,"[0.7006490497453703, -0.02643505285727147]",88,145
apple,"[0.7006490497453703, -0.026435052857271463]",89,146
apple,"[0.7006490497453703, -0.026435052857271463]",90,147
apple,"[0.7006490497453703, -0.026435052857271463]",91,148
apple,"[0.7006490497453703, -0.026435052857271463]",92,149
apple,"[0.7006490497453703, -0.026435052857271456]",93,150
apple,"[0.7006490497453703, -0.026435052857271463]",94,151
apple,"[0.7006490497453703, -0.026435052857271463]",95,152
apple,"[0.7006490497453703, -0.026435052857271463]",96,153
apple,"[0.7006490497453703, -0.026435052857271463]",97,154
apple,"[0.7006490497453703, -0.026435052857271463]",98,155
apple,"[0.7006490497453702, -0.026435052857271463]",99,156
apple,"[0.7006490497453703, -0.026435052857271463]",100,157
apple,"[0.7006490497453703, -0.026435052857271466]",101,158
apple,"[0.70064904974537, -0.026435052857271466]",102,159
apple,"[0.70064904974537, -0.026435052857271473]",103,160
apple,"[0.7006490497453701, -0.026435052857271466]",104,161
apple,"[0.7006490497453701, -0.026435052857271466]",105,162
apple,"[0.70064904974537, -0.026435052857271466]",106,163
apple,"[0.70064904974537, -0.026435052857271473]",107,164
apple,"[0.70064904974537, -0.026435052857271466]",108,165
apple,"[0.70064904974537, -0.026435052857271466]",109,166
apple,"[0.70064904974537, -0.026435052857271466]",110,167
apple,"[0.70064904974537, -0.026435052857271466]",111,168
robert mueller,"[-0.02457283500250598, 0.9999999999999993]",79,136
robert mueller,"[-0.01818181818181816, 0.9999999999999993]",80,137
mark zuckerberg,"[-0.032080516201045725, 0.5665577237325317]",58,115
mark zuckerberg,"[-0.03208051620104573, 0.5665577237325317]",59,116
mark zuckerberg,"[-0.032080516201045725, 0.5665577237325317]",60,117
mark zuckerberg,"[-0.032080516201045725, 0.5665577237325317]",61,118
mark zuckerberg,"[-0.032080516201045704, 0.5665577237325317]",62,119
mark zuckerberg,"[-0.032080516201045704, 0.5665577237325315]",63,120
mark zuckerberg,"[-0.032080516201045704, 0.5665577237325315]",64,121
mark zuckerberg,"[-0.037397879600338295, 0.5665577237325315]",65,122
mark zuckerberg,"[-0.053376051268362396, 0.6936368469679925]",66,123
mark zuckerberg,"[-0.06025846050518229, 0.6936368469679924]",67,124
mark zuckerberg,"[-0.06025846050518228, 0.6142951168339513]",68,125
mark zuckerberg,"[-0.060258460505182285, 0.6142951168339513]",69,126
mark zuckerberg,"[-0.06025846050518228, 0.6142951168339513]",70,127
mark zuckerberg,"[-0.05337605126836239, 0.6936368469679921]",71,128
mark zuckerberg,"[-0.05337605126836238, 0.693636846967992]",72,129
mark zuckerberg,"[-0.05337605126836239, 0.6936368469679921]",73,130
mark zuckerberg,"[-0.05337605126836238, 0.6936368469679922]",74,131
mark zuckerberg,"[-0.05337605126836238, 0.6936368469679921]",75,132
mark zuckerberg,"[-0.04578685464956303, 0.8087571021725035]",76,133
mark zuckerberg,"[-0.04578685464956303, 0.8087571021725035]",77,134
mark zuckerberg,"[-0.04578685464956304, 0.8087571021725036]",78,135
mark zuckerberg,"[-0.045786854649563044, 0.8087571021725036]",79,136
mark zuckerberg,"[-0.04578685464956304, 0.8087571021725035]",80,137
mark zuckerberg,"[-0.04578685464956304, 0.8087571021725035]",81,138
mark zuckerberg,"[-0.04578685464956303, 0.8087571021725036]",82,139
mark zuckerberg,"[-0.04578685464956303, 0.8087571021725036]",83,140
mark zuckerberg,"[-0.04578685464956303, 0.8087571021725035]",84,141
mark zuckerberg,"[-0.04578685464956303, 0.8087571021725035]",85,142
mark zuckerberg,"[-0.04578685464956303, 0.8087571021725036]",86,143
mark zuckerberg,"[-0.04578685464956303, 0.8087571021725036]",87,144
mark zuckerberg,"[-0.04578685464956303, 0.8087571021725035]",88,145
mark zuckerberg,"[-0.04578685464956303, 0.8087571021725035]",89,146
mark zuckerberg,"[-0.045786854649563016, 0.8087571021725035]",90,147
mark zuckerberg,"[-0.04578685464956304, 0.8087571021725035]",91,148
mark zuckerberg,"[-0.045786854649563016, 0.8087571021725035]",92,149
mark zuckerberg,"[-0.04578685464956304, 0.8087571021725035]",93,150
mark zuckerberg,"[-0.045786854649563016, 0.8087571021725035]",94,151
mark zuckerberg,"[-0.04578685464956304, 0.8087571021725035]",95,152
mark zuckerberg,"[-0.045786854649563016, 0.8087571021725035]",96,153
mark zuckerberg,"[-0.04578685464956304, 0.8087571021725035]",97,154
mark zuckerberg,"[-0.04578685464956303, 0.8087571021725035]",98,155
mark zuckerberg,"[-0.04578685464956303, 0.8087571021725035]",99,156
mark zuckerberg,"[-0.04578685464956302, 0.8087571021725035]",100,157
mark zuckerberg,"[-0.04578685464956303, 0.8087571021725035]",101,158
mark zuckerberg,"[-0.04578685464956302, 0.8087571021725035]",102,159
mark zuckerberg,"[-0.04578685464956303, 0.8087571021725035]",103,160
mark zuckerberg,"[-0.04578685464956302, 0.8087571021725035]",104,161
mark zuckerberg,"[-0.04578685464956303, 0.8087571021725035]",105,162
mark zuckerberg,"[-0.04578685464956302, 0.8087571021725035]",106,163
mark zuckerberg,"[-0.045786854649563044, 0.8087571021725035]",107,164
mark zuckerberg,"[-0.04578685464956302, 0.8087571021725035]",108,165
mark zuckerberg,"[-0.045786854649563044, 0.8087571021725035]",109,166
mark zuckerberg,"[-0.04578685464956303, 0.8087571021725035]",110,167
mark zuckerberg,"[-0.045786854649563044, 0.8087571021725035]",111,168
fbi,"[0.5667557862184744, -0.03268602252303067]",104,161
fbi,"[0.5667557862184744, -0.03268602252303067]",105,162
fbi,"[0.5667557862184744, -0.03268602252303067]",106,163
fbi,"[0.5667557862184744, -0.032686022523030656]",107,164
fbi,"[0.5667557862184744, -0.032686022523030656]",108,165
fbi,"[0.5667557862184744, -0.032686022523030656]",109,166
fbi,"[0.5667557862184744, -0.032686022523030656]",110,167
fbi,"[0.5667557862184744, -0.03268602252303065]",111,168
nikki haley,"[0.5952291104443193, -0.04665906358687517]",31,88
nikki haley,"[0.5952291104443194, -0.04665906358687519]",32,89
nikki haley,"[0.5952291104443194, -0.04665906358687519]",33,90
nikki haley,"[0.5952291104443194, -0.04665906358687519]",34,91
nikki haley,"[0.5952291104443194, -0.046659063586875174]",35,92
nikki haley,"[0.5952291104443194, -0.04665906358687519]",36,93
nikki haley,"[0.5952291104443194, -0.04033045025730627]",37,94
nikki haley,"[0.625390772116096, -0.033625319983876564]",38,95
nikki haley,"[0.6600983619844492, -0.026435052857271463]",39,96
google,"[0.43412008504427213, 0.9999999999999999]",98,155
google,"[0.43412008504427213, 0.8927833442071367]",99,156
google,"[0.43412008504427213, 0.8927833442071367]",100,157
google,"[0.39196474795109276, 0.8927833442071365]",101,158
google,"[0.3919647479510927, 0.8140370303985612]",102,159
google,"[0.3919647479510927, 0.8140370303985612]",103,160
google,"[0.25819888974716104, 0.5590908891056762]",104,161
google,"[0.25819888974716104, 0.5590908891056763]",105,162
google,"[0.258198889747161, 0.5590908891056764]",106,163
google,"[0.258198889747161, 0.5590908891056763]",107,164
google,"[0.258198889747161, 0.5590908891056763]",108,165
google,"[0.258198889747161, 0.5590908891056763]",109,166
google,"[0.258198889747161, 0.5590908891056763]",110,167
google,"[0.258198889747161, 0.5590908891056762]",111,168
emmanuel macron,"[-0.03208051620104571, 0.5665577237325317]",0,57
emmanuel macron,"[-0.0320805162010457, 0.5665577237325317]",1,58
emmanuel macron,"[-0.0320805162010457, 0.5665577237325317]",2,59
emmanuel macron,"[-0.0320805162010457, 0.5665577237325317]",3,60
emmanuel macron,"[-0.0320805162010457, 0.5665577237325317]",4,61
emmanuel macron,"[-0.0320805162010457, 0.5665577237325315]",5,62
emmanuel macron,"[-0.0320805162010457, 0.5665577237325315]",6,63
emmanuel macron,"[-0.0320805162010457, 0.5665577237325315]",7,64
emmanuel macron,"[-0.0320805162010457, 0.5665577237325315]",8,65
emmanuel macron,"[-0.0320805162010457, 0.5665577237325317]",9,66
emmanuel macron,"[-0.0320805162010457, 0.5665577237325317]",10,67
emmanuel macron,"[-0.0320805162010457, 0.5665577237325317]",11,68
emmanuel macron,"[-0.0320805162010457, 0.5665577237325317]",12,69
emmanuel macron,"[-0.0320805162010457, 0.5665577237325317]",13,70
emmanuel macron,"[-0.0320805162010457, 0.5665577237325317]",14,71
emmanuel macron,"[-0.04578685464956299, 0.5665577237325317]",15,72
emmanuel macron,"[-0.0533760512683624, 0.6936368469679924]",16,73
emmanuel macron,"[-0.05337605126836239, 0.6936368469679924]",17,74
emmanuel macron,"[-0.053376051268362396, 0.6936368469679923]",18,75
emmanuel macron,"[-0.053376051268362396, 0.6936368469679923]",19,76
emmanuel macron,"[-0.05337605126836239, 0.6936368469679922]",20,77
emmanuel macron,"[-0.05337605126836239, 0.6936368469679921]",21,78
emmanuel macron,"[-0.05337605126836238, 0.6936368469679921]",22,79
emmanuel macron,"[-0.05337605126836237, 0.693636846967992]",23,80
emmanuel macron,"[-0.05337605126836238, 0.693636846967992]",24,81
emmanuel macron,"[-0.05337605126836238, 0.693636846967992]",25,82
emmanuel macron,"[-0.05337605126836238, 0.693636846967992]",26,83
emmanuel macron,"[-0.05337605126836238, 0.693636846967992]",27,84
emmanuel macron,"[-0.053376051268362375, 0.693636846967992]",28,85
emmanuel macron,"[-0.053376051268362375, 0.693636846967992]",29,86
emmanuel macron,"[-0.053376051268362375, 0.693636846967992]",30,87
emmanuel macron,"[-0.05337605126836238, 0.693636846967992]",31,88
emmanuel macron,"[-0.05337605126836238, 0.693636846967992]",32,89
emmanuel macron,"[-0.037397879600338316, 0.5665577237325317]",33,90
emmanuel macron,"[-0.0320805162010457, 0.5665577237325317]",34,91
emmanuel macron,"[-0.0320805162010457, 0.5665577237325317]",35,92
emmanuel macron,"[-0.0320805162010457, 0.5665577237325317]",36,93
emmanuel macron,"[-0.0320805162010457, 0.5665577237325317]",37,94
emmanuel macron,"[-0.0320805162010457, 0.5665577237325315]",38,95
emmanuel macron,"[-0.0320805162010457, 0.7005289007176934]",39,96
emmanuel macron,"[-0.025949964805384085, 0.7005289007176932]",40,97
emmanuel macron,"[-0.025949964805384085, 0.7005289007176932]",41,98
emmanuel macron,"[-0.025949964805384078, 0.7005289007176931]",42,99
emmanuel macron,"[-0.025949964805384085, 0.7005289007176932]",43,100
emmanuel macron,"[-0.025949964805384078, 0.7005289007176932]",44,101
emmanuel macron,"[-0.025949964805384078, 0.7005289007176932]",45,102
emmanuel macron,"[-0.025949964805384078, 0.7005289007176931]",46,103
emmanuel macron,"[-0.025949964805384078, 0.7005289007176932]",47,104
emmanuel macron,"[-0.025949964805384078, 0.7005289007176932]",48,105
emmanuel macron,"[-0.025949964805384078, 0.9999999999999996]",49,106
emmanuel macron,"[-0.018181818181818174, 0.9999999999999993]",50,107
emmanuel macron,"[-0.018181818181818174, 0.9999999999999996]",51,108
emmanuel macron,"[-0.018181818181818174, 0.9999999999999993]",52,109
emmanuel macron,"[-0.018181818181818174, 0.9999999999999993]",53,110
emmanuel macron,"[-0.018181818181818174, 0.9999999999999993]",54,111
emmanuel macron,"[-0.018181818181818174, 0.9999999999999996]",55,112
emmanuel macron,"[-0.01818181818181817, 0.9999999999999993]",56,113
emmanuel macron,"[-0.01818181818181817, 0.9999999999999993]",57,114
emmanuel macron,"[-0.025949964805384088, 0.7005289007176932]",58,115
emmanuel macron,"[-0.025949964805384088, 0.7005289007176934]",59,116
emmanuel macron,"[-0.032080516201045725, 0.5665577237325318]",60,117
emmanuel macron,"[-0.032080516201045725, 0.5665577237325318]",61,118
emmanuel macron,"[-0.03208051620104572, 0.5665577237325318]",62,119
emmanuel macron,"[-0.03208051620104571, 0.5665577237325318]",63,120
emmanuel macron,"[-0.03208051620104571, 0.5665577237325318]",64,121
emmanuel macron,"[-0.032080516201045704, 0.5665577237325317]",65,122
emmanuel macron,"[-0.032080516201045704, 0.5665577237325317]",66,123
emmanuel macron,"[-0.03208051620104573, 0.5665577237325317]",67,124
emmanuel macron,"[-0.0320805162010457, 0.5665577237325317]",68,125
emmanuel macron,"[-0.03208051620104574, 0.5665577237325317]",69,126
emmanuel macron,"[-0.0320805162010457, 0.5665577237325317]",70,127
serena williams,"[-0.03739787960033831, 0.5665577237325317]",23,80
serena williams,"[-0.0320805162010457, 0.5665577237325317]",24,81
serena williams,"[-0.0320805162010457, 0.5665577237325317]",25,82
serena williams,"[-0.0320805162010457, 0.5665577237325317]",26,83
serena williams,"[-0.0320805162010457, 0.5665577237325317]",27,84
serena williams,"[-0.0320805162010457, 0.5665577237325317]",28,85
serena williams,"[-0.0320805162010457, 0.5665577237325317]",29,86
serena williams,"[-0.032080516201045704, 0.5665577237325317]",30,87
serena williams,"[-0.0320805162010457, 0.5665577237325317]",31,88
serena williams,"[-0.0320805162010457, 0.5665577237325317]",32,89
serena williams,"[-0.0320805162010457, 0.5665577237325317]",33,90
serena williams,"[-0.0320805162010457, 0.5665577237325317]",34,91
serena williams,"[-0.0320805162010457, 0.5665577237325317]",35,92
serena williams,"[-0.0320805162010457, 0.5665577237325317]",36,93
serena williams,"[-0.0320805162010457, 0.5665577237325317]",37,94
serena williams,"[-0.0320805162010457, 0.5665577237325317]",38,95
serena williams,"[-0.0320805162010457, 0.5665577237325317]",39,96
serena williams,"[-0.0320805162010457, 0.5665577237325317]",40,97
serena williams,"[-0.0320805162010457, 0.5665577237325317]",41,98
serena williams,"[-0.0320805162010457, 0.5665577237325317]",42,99
serena williams,"[-0.0320805162010457, 0.5665577237325317]",43,100
serena williams,"[-0.0320805162010457, 0.5665577237325317]",44,101
serena williams,"[-0.0320805162010457, 0.5665577237325317]",45,102
serena williams,"[-0.0320805162010457, 0.5665577237325317]",46,103
serena williams,"[-0.0320805162010457, 0.5665577237325317]",47,104
serena williams,"[-0.0320805162010457, 0.5665577237325317]",48,105
serena williams,"[-0.0320805162010457, 0.5665577237325317]",49,106
serena williams,"[-0.0320805162010457, 0.5665577237325317]",50,107
serena williams,"[-0.0320805162010457, 0.5665577237325317]",51,108
serena williams,"[-0.0320805162010457, 0.5665577237325317]",52,109
serena williams,"[-0.0320805162010457, 0.5665577237325317]",53,110
serena williams,"[-0.0320805162010457, 0.5665577237325317]",54,111
serena williams,"[-0.0320805162010457, 0.5665577237325317]",55,112
serena williams,"[-0.0320805162010457, 0.5665577237325317]",56,113
serena williams,"[-0.03208051620104574, 0.5665577237325317]",57,114
serena williams,"[-0.0320805162010457, 0.5665577237325317]",58,115
serena williams,"[-0.03208051620104574, 0.5665577237325317]",59,116
serena williams,"[-0.0320805162010457, 0.5665577237325317]",60,117
serena williams,"[-0.03208051620104574, 0.5665577237325317]",61,118
serena williams,"[-0.0320805162010457, 0.5665577237325317]",62,119
serena williams,"[-0.03208051620104574, 0.7005289007176931]",63,120
serena williams,"[-0.02594996480538407, 0.7005289007176931]",64,121
tom cruise,"[-0.03208051620104573, 0.5665577237325317]",99,156
john kerry,"[0.8089010988089463, -0.04665906358687518]",0,57
john kerry,"[0.8089010988089462, -0.04665906358687518]",1,58
john kerry,"[0.8089010988089463, -0.046659063586875174]",2,59
john kerry,"[0.8089010988089463, -0.03773584905660377]",3,60
john kerry,"[0.7006490497453702, -0.026435052857271463]",4,61
john kerry,"[0.7006490497453703, -0.026435052857271463]",5,62
john kerry,"[0.7006490497453703, -0.026435052857271466]",6,63
john kerry,"[0.7006490497453703, -0.026435052857271463]",7,64
john kerry,"[0.7006490497453703, -0.026435052857271463]",8,65
susan collins,"[0.5667557862184746, -0.026435052857271463]",66,123
susan collins,"[0.7006490497453706, -0.02643505285727147]",67,124
susan collins,"[0.7006490497453706, -0.026435052857271463]",68,125
susan collins,"[0.7006490497453706, -0.02643505285727147]",69,126
susan collins,"[0.7006490497453705, -0.02643505285727147]",70,127
susan collins,"[0.7006490497453703, -0.026435052857271466]",71,128
susan collins,"[0.7006490497453703, -0.02643505285727146]",72,129
susan collins,"[0.7006490497453703, -0.026435052857271463]",73,130
susan collins,"[0.7006490497453703, -0.026435052857271466]",74,131
susan collins,"[0.7006490497453703, -0.02643505285727146]",75,132
susan collins,"[0.9999999999999994, -0.018518518518518514]",76,133
susan collins,"[0.9999999999999994, -0.018518518518518514]",77,134
susan collins,"[0.9999999999999994, -0.018518518518518517]",78,135
susan collins,"[0.9999999999999994, -0.018518518518518517]",79,136
susan collins,"[0.9999999999999994, -0.018518518518518514]",80,137
susan collins,"[0.9999999999999994, -0.018518518518518514]",81,138
susan collins,"[0.9999999999999994, -0.018518518518518517]",82,139
susan collins,"[0.9999999999999994, -0.018518518518518517]",83,140
susan collins,"[0.9999999999999994, -0.018518518518518514]",84,141
susan collins,"[0.9999999999999994, -0.018518518518518514]",85,142
susan collins,"[0.9999999999999994, -0.018518518518518517]",86,143
susan collins,"[0.9999999999999994, -0.018518518518518517]",87,144
susan collins,"[0.9999999999999994, -0.018518518518518514]",88,145
susan collins,"[0.9999999999999994, -0.018518518518518514]",89,146
susan collins,"[0.9999999999999991, -0.018518518518518517]",90,147
susan collins,"[0.9999999999999991, -0.018518518518518517]",91,148
susan collins,"[0.9999999999999991, -0.018518518518518514]",92,149
susan collins,"[0.9999999999999991, -0.018518518518518514]",93,150
susan collins,"[0.9999999999999991, -0.018518518518518517]",94,151
susan collins,"[0.9999999999999991, -0.018518518518518517]",95,152
susan collins,"[0.7006490497453701, -0.026435052857271473]",96,153
susan collins,"[0.7006490497453701, -0.02643505285727147]",97,154
susan collins,"[0.7006490497453701, -0.026435052857271473]",98,155
susan collins,"[0.7006490497453701, -0.026435052857271473]",99,156
susan collins,"[0.7006490497453701, -0.026435052857271473]",100,157
susan collins,"[0.7006490497453701, -0.02643505285727147]",101,158
susan collins,"[0.7006490497453701, -0.026435052857271473]",102,159
susan collins,"[0.7006490497453701, -0.026435052857271466]",103,160
susan collins,"[0.7006490497453701, -0.026435052857271466]",104,161
susan collins,"[0.7006490497453701, -0.026435052857271466]",105,162
susan collins,"[0.7006490497453701, -0.026435052857271466]",106,163
susan collins,"[0.7006490497453701, -0.026435052857271466]",107,164
susan collins,"[0.7006490497453701, -0.02643505285727146]",108,165
susan collins,"[0.7006490497453701, -0.026435052857271466]",109,166
susan collins,"[0.7006490497453701, -0.02643505285727146]",110,167
susan collins,"[0.7006490497453701, -0.026435052857271466]",111,168
jacinda ardern,"[-0.03015113445777637, 0.8140370303985616]",62,119
jacinda ardern,"[-0.03015113445777637, 0.8140370303985615]",63,120
jacinda ardern,"[-0.03015113445777637, 0.8140370303985615]",64,121
jacinda ardern,"[-0.030151134457776365, 0.8140370303985613]",65,122
jacinda ardern,"[-0.030151134457776358, 0.8140370303985613]",66,123
jacinda ardern,"[-0.030151134457776358, 0.8140370303985612]",67,124
jacinda ardern,"[-0.035192946351163865, 0.7530800950958867]",68,125
jacinda ardern,"[-0.05022906455657601, 0.7530800950958867]",69,126
jacinda ardern,"[-0.05022906455657603, 0.5119125973616261]",70,127
jacinda ardern,"[-0.050229064556576004, 0.5119125973616261]",71,128
jacinda ardern,"[-0.05022906455657603, 0.5119125973616261]",72,129
jacinda ardern,"[-0.050229064556576004, 0.5119125973616262]",73,130
jacinda ardern,"[-0.05022906455657603, 0.5119125973616262]",74,131
jacinda ardern,"[-0.050229064556576004, 0.5119125973616262]",75,132
jacinda ardern,"[-0.062095433706957505, 0.5119125973616262]",76,133
jerry brown,"[0.9999999999999989, -0.01851851851851851]",66,123
jerry brown,"[0.9999999999999989, -0.018518518518518514]",67,124
jerry brown,"[0.9999999999999989, -0.018518518518518514]",68,125
jerry brown,"[0.9999999999999989, -0.01851851851851851]",69,126
jerry brown,"[0.9999999999999989, -0.01851851851851851]",70,127
jerry brown,"[0.9999999999999989, nan]",71,128
cory booker,"[0.7006490497453707, -0.018518518518518514]",18,75
cory booker,"[0.7006490497453706, -0.02643505285727147]",19,76
cory booker,"[0.7006490497453706, -0.02643505285727147]",20,77
cory booker,"[0.7006490497453706, -0.026435052857271463]",21,78
cory booker,"[0.7006490497453705, -0.02643505285727147]",22,79
kellyanne conway,"[-0.06666666666666671, 0.5551361100027008]",0,57
kellyanne conway,"[-0.06666666666666671, 0.5551361100027008]",1,58
kellyanne conway,"[-0.06666666666666668, 0.5551361100027007]",2,59
kellyanne conway,"[-0.06666666666666668, 0.5551361100027006]",3,60
kellyanne conway,"[-0.0666666666666667, 0.5551361100027006]",4,61
kellyanne conway,"[-0.06666666666666672, 0.5551361100027006]",5,62
kellyanne conway,"[-0.0666666666666667, 0.5551361100027006]",6,63
kellyanne conway,"[-0.06666666666666671, 0.5551361100027007]",7,64
kellyanne conway,"[-0.0666666666666667, 0.5551361100027007]",8,65
kellyanne conway,"[-0.06666666666666672, 0.5551361100027007]",9,66
kellyanne conway,"[-0.0666666666666667, 0.5551361100027007]",10,67
kellyanne conway,"[-0.06666666666666671, 0.5551361100027006]",11,68
kellyanne conway,"[-0.0666666666666667, 0.5551361100027006]",12,69
kellyanne conway,"[-0.06666666666666672, 0.5551361100027006]",13,70
kellyanne conway,"[-0.0666666666666667, 0.5551361100027006]",14,71
kellyanne conway,"[-0.06666666666666671, 0.5551361100027007]",15,72
kellyanne conway,"[-0.060258460505182285, 0.6142951168339513]",16,73
kellyanne conway,"[-0.053376051268362396, 0.6936368469679922]",17,74
kellyanne conway,"[-0.053376051268362396, 0.6936368469679922]",18,75
kellyanne conway,"[-0.053376051268362396, 0.6936368469679921]",19,76
kellyanne conway,"[-0.053376051268362396, 0.6936368469679921]",20,77
kellyanne conway,"[-0.053376051268362396, 0.6936368469679921]",21,78
kellyanne conway,"[-0.053376051268362396, 0.6936368469679921]",22,79
kellyanne conway,"[-0.04578685464956305, 0.5665577237325317]",23,80
kellyanne conway,"[-0.03208051620104568, 0.5665577237325317]",24,81
kellyanne conway,"[-0.03208051620104574, 0.5665577237325317]",25,82
kellyanne conway,"[-0.03208051620104568, 0.5665577237325317]",26,83
ariana grande,"[0.5594309277855158, -0.030718378505606096]",18,75
ariana grande,"[0.5594309277855157, -0.0438502658122099]",19,76
ariana grande,"[0.5594309277855157, -0.04385026581220991]",20,77
ariana grande,"[0.5594309277855157, -0.0438502658122099]",21,78
ariana grande,"[0.5594309277855157, -0.0438502658122099]",22,79
ariana grande,"[0.5594309277855156, -0.043850265812209896]",23,80
ariana grande,"[0.5594309277855156, -0.043850265812209896]",24,81
ariana grande,"[0.5594309277855156, -0.043850265812209896]",25,82
ariana grande,"[0.5594309277855156, -0.043850265812209896]",26,83
ariana grande,"[0.5594309277855156, -0.04385026581220991]",27,84
ariana grande,"[0.5594309277855156, -0.043850265812209896]",28,85
ariana grande,"[0.5594309277855156, -0.04385026581220988]",29,86
ariana grande,"[0.5594309277855156, -0.043850265812209896]",30,87
ariana grande,"[0.5594309277855156, -0.043850265812209896]",31,88
ariana grande,"[0.5594309277855156, -0.043850265812209896]",32,89
ariana grande,"[0.5594309277855157, -0.035732014325809094]",33,90
ariana grande,"[0.6195970510515064, -0.035732014325809094]",34,91
ariana grande,"[0.8928130050910503, -0.025031308716087927]",35,92
ariana grande,"[0.8928130050910503, -0.025031308716087927]",36,93
ariana grande,"[0.8928130050910503, -0.025031308716087924]",37,94
ariana grande,"[0.8928130050910502, -0.025031308716087927]",38,95
ariana grande,"[0.8928130050910503, -0.025031308716087927]",39,96
ariana grande,"[0.8928130050910503, -0.025031308716087927]",40,97
ariana grande,"[0.8928130050910503, -0.025031308716087924]",41,98
ariana grande,"[0.8928130050910503, -0.025031308716087927]",42,99
ariana grande,"[0.8928130050910503, -0.025031308716087927]",43,100
ariana grande,"[0.8928130050910503, -0.025031308716087927]",44,101
ariana grande,"[0.8928130050910503, -0.025031308716087924]",45,102
ariana grande,"[0.8928130050910503, -0.025031308716087927]",46,103
ariana grande,"[0.8928130050910503, -0.025031308716087927]",47,104
ariana grande,"[0.8928130050910503, -0.025031308716087927]",48,105
ariana grande,"[0.8928130050910503, -0.025031308716087924]",49,106
ariana grande,"[0.8928130050910503, -0.025031308716087924]",50,107
ariana grande,"[0.8140806303599616, -0.030718378505606086]",51,108
ariana grande,"[0.8140806303599616, -0.030718378505606082]",52,109
ariana grande,"[0.8140806303599616, -0.030718378505606082]",53,110
ariana grande,"[0.8140806303599616, -0.030718378505606082]",54,111
ariana grande,"[0.8140806303599616, -0.030718378505606082]",55,112
ariana grande,"[0.8140806303599616, -0.030718378505606082]",56,113
ariana grande,"[0.8140806303599616, -0.030718378505606082]",57,114
ariana grande,"[0.8140806303599616, -0.030718378505606082]",58,115
ariana grande,"[0.8140806303599617, -0.030718378505606082]",59,116
ariana grande,"[0.8140806303599617, -0.030718378505606075]",60,117
ariana grande,"[0.8140806303599617, -0.030718378505606082]",61,118
ariana grande,"[0.8140806303599617, -0.030718378505606082]",62,119
ariana grande,"[0.8140806303599617, -0.02503130871608792]",63,120
ariana grande,"[0.8928130050910502, -0.02503130871608792]",64,121
ariana grande,"[0.8928130050910502, -0.02503130871608792]",65,122
ariana grande,"[0.8928130050910501, -0.025031308716087924]",66,123
ariana grande,"[0.8928130050910501, -0.02503130871608792]",67,124
ariana grande,"[0.8928130050910501, -0.02503130871608792]",68,125
ariana grande,"[0.8928130050910501, -0.02503130871608792]",69,126
ariana grande,"[0.8928130050910501, -0.025031308716087924]",70,127
ariana grande,"[0.8928130050910501, -0.025031308716087924]",71,128
ariana grande,"[0.8140806303599614, -0.030718378505606075]",72,129
ariana grande,"[0.8140806303599614, -0.026435052857271466]",73,130
prince william,"[1.0, nan]",67,124
prince william,"[1.0, -0.018518518518518517]",68,125
prince william,"[1.0, -0.018518518518518517]",69,126
prince william,"[0.9999999999999999, -0.018518518518518517]",70,127
prince william,"[0.9999999999999997, -0.018518518518518517]",71,128
prince william,"[0.9999999999999996, -0.018518518518518514]",72,129
prince william,"[0.9999999999999996, -0.018518518518518514]",73,130
prince william,"[0.9999999999999996, -0.018518518518518514]",74,131
prince william,"[0.9999999999999994, -0.018518518518518517]",75,132
prince william,"[0.9999999999999994, -0.018518518518518517]",76,133
prince william,"[0.9999999999999994, -0.018518518518518514]",77,134
prince william,"[0.9999999999999994, -0.018518518518518514]",78,135
prince william,"[0.9999999999999994, -0.018518518518518517]",79,136
prince william,"[0.9999999999999994, -0.018518518518518517]",80,137
prince william,"[0.9999999999999994, -0.018518518518518514]",81,138
prince william,"[0.9999999999999994, -0.018518518518518514]",82,139
prince william,"[0.9999999999999994, -0.018518518518518517]",83,140
prince william,"[0.9999999999999994, -0.018518518518518517]",84,141
prince william,"[0.9999999999999994, -0.018518518518518514]",85,142
prince william,"[0.9999999999999994, -0.018518518518518514]",86,143
prince william,"[0.7006490497453703, -0.018518518518518517]",87,144
prince william,"[0.7006490497453703, -0.026435052857271466]",88,145
prince william,"[0.7006490497453703, -0.026435052857271463]",89,146
prince william,"[0.7006490497453703, -0.02643505285727147]",90,147
prince william,"[0.7006490497453701, -0.026435052857271473]",91,148
prince william,"[0.7006490497453702, -0.026435052857271473]",92,149
prince william,"[0.7006490497453701, -0.026435052857271466]",93,150
prince william,"[0.7006490497453702, -0.026435052857271473]",94,151
prince william,"[0.7006490497453701, -0.02643505285727147]",95,152
prince william,"[0.7006490497453702, -0.026435052857271473]",96,153
prince william,"[0.7006490497453701, -0.02643505285727147]",97,154
prince william,"[0.7006490497453702, -0.02643505285727147]",98,155
prince william,"[0.7659738031804166, -0.03573201432580909]",99,156
prince william,"[0.7659738031804164, -0.044181391705649165]",100,157
prince william,"[0.7659738031804166, -0.04418139170564915]",101,158
prince william,"[0.7659738031804164, -0.04418139170564916]",102,159
prince william,"[0.7659738031804166, -0.04418139170564915]",103,160
prince william,"[0.7659738031804166, -0.04418139170564915]",104,161
prince william,"[0.657064926276828, -0.044181391705649144]",105,162
prince william,"[0.657064926276828, -0.05151400834889318]",106,163
prince william,"[0.6570649262768281, -0.0515140083488932]",107,164
prince william,"[0.657064926276828, -0.05151400834889319]",108,165
prince william,"[0.6570649262768281, -0.05151400834889317]",109,166
prince william,"[0.657064926276828, -0.05151400834889316]",110,167
prince william,"[0.6570649262768279, -0.051514008348893185]",111,168
kanye west,"[-0.04335700772719342, 0.5665577237325317]",57,114
kanye west,"[-0.03208051620104574, 0.5665577237325317]",58,115
stacey abrams,"[1.0, nan]",18,75
stacey abrams,"[1.0, -0.018518518518518517]",19,76
stacey abrams,"[0.8928130050910503, -0.018518518518518517]",20,77
stacey abrams,"[0.8928130050910503, -0.025031308716087934]",21,78
stacey abrams,"[0.8928130050910502, -0.025031308716087934]",22,79
stacey abrams,"[0.8140806303599617, -0.025031308716087927]",23,80
stacey abrams,"[0.8140806303599616, -0.03071837850560609]",24,81
stacey abrams,"[0.7531290519149065, -0.03071837850560609]",25,82
stacey abrams,"[0.7531290519149066, -0.03586095690932794]",26,83
stacey abrams,"[0.7531290519149066, -0.03586095690932793]",27,84
stacey abrams,"[0.7531290519149066, -0.035860956909327925]",28,85
stacey abrams,"[0.7531290519149066, -0.035860956909327925]",29,86
stacey abrams,"[0.7531290519149066, -0.03586095690932792]",30,87
stacey abrams,"[0.7531290519149066, -0.03586095690932792]",31,88
stacey abrams,"[0.7531290519149066, -0.03586095690932792]",32,89
stacey abrams,"[0.7531290519149068, -0.03586095690932791]",33,90
stacey abrams,"[0.7531290519149069, -0.03586095690932791]",34,91
stacey abrams,"[0.7531290519149069, -0.03586095690932791]",35,92
stacey abrams,"[0.7531290519149069, -0.03586095690932791]",36,93
stacey abrams,"[0.7531290519149069, -0.03586095690932791]",37,94
stacey abrams,"[0.7531290519149069, -0.03586095690932791]",38,95
stacey abrams,"[0.7531290519149069, -0.03586095690932791]",39,96
stacey abrams,"[0.7531290519149069, -0.03586095690932791]",40,97
stacey abrams,"[0.7531290519149069, -0.035860956909327904]",41,98
stacey abrams,"[0.7531290519149066, -0.03586095690932791]",42,99
stacey abrams,"[0.7531290519149066, -0.03586095690932791]",43,100
stacey abrams,"[0.7531290519149066, -0.03586095690932791]",44,101
stacey abrams,"[0.7531290519149066, -0.035860956909327904]",45,102
stacey abrams,"[0.7531290519149069, -0.03586095690932791]",46,103
stacey abrams,"[0.7531290519149066, -0.03586095690932791]",47,104
stacey abrams,"[0.7531290519149069, -0.03586095690932791]",48,105
stacey abrams,"[0.7531290519149069, -0.035860956909327904]",49,106
stacey abrams,"[0.7531290519149069, -0.03586095690932791]",50,107
stacey abrams,"[0.7531290519149069, -0.03586095690932791]",51,108
stacey abrams,"[0.7531290519149069, -0.03586095690932791]",52,109
stacey abrams,"[0.7531290519149069, -0.035860956909327904]",53,110
stacey abrams,"[0.7531290519149069, -0.03586095690932791]",54,111
stacey abrams,"[0.7531290519149069, -0.03586095690932791]",55,112
stacey abrams,"[0.7531290519149069, -0.03586095690932791]",56,113
stacey abrams,"[0.7531290519149069, -0.035860956909327904]",57,114
stacey abrams,"[0.753129051914907, -0.03586095690932791]",58,115
stacey abrams,"[0.753129051914907, -0.03586095690932791]",59,116
stacey abrams,"[0.753129051914907, -0.03586095690932791]",60,117
stacey abrams,"[0.753129051914907, -0.035860956909327904]",61,118
stacey abrams,"[0.753129051914907, -0.03586095690932791]",62,119
stacey abrams,"[0.753129051914907, -0.03586095690932791]",63,120
stacey abrams,"[0.753129051914907, -0.03586095690932791]",64,121
stacey abrams,"[0.753129051914907, -0.035860956909327904]",65,122
stacey abrams,"[0.512336458477075, -0.051191259736162585]",66,123
stacey abrams,"[0.512336458477075, -0.051191259736162585]",67,124
stacey abrams,"[0.512336458477075, -0.05119125973616259]",68,125
stacey abrams,"[0.512336458477075, -0.05119125973616258]",69,126
stacey abrams,"[0.512336458477075, -0.0511912597361626]",70,127
stacey abrams,"[0.512336458477075, -0.0511912597361626]",71,128
stacey abrams,"[0.512336458477075, -0.051191259736162606]",72,129
stacey abrams,"[0.512336458477075, -0.035860956909327904]",73,130
jair bolsonaro,"[0.38155712207969167, 0.5665577237325317]",71,128
jair bolsonaro,"[0.566755786218474, 0.5665577237325317]",72,129
jair bolsonaro,"[0.70064904974537, 0.7005289007176931]",73,130
jair bolsonaro,"[0.70064904974537, 0.7005289007176931]",74,131
jair bolsonaro,"[0.70064904974537, 0.7005289007176931]",75,132
jair bolsonaro,"[0.70064904974537, 0.700528900717693]",76,133
jair bolsonaro,"[0.9999999999999989, nan]",77,134
john kasich,"[0.2444444444444445, 0.6142951168339512]",0,57
john kasich,"[0.2444444444444445, 0.5551361100027007]",1,58
john kasich,"[0.2444444444444445, 0.5551361100027007]",2,59
muhammad ali,"[-0.03300491809922246, 0.7005289007176931]",9,66
muhammad ali,"[-0.025949964805384078, 0.7005289007176932]",10,67
muhammad ali,"[-0.025949964805384078, 0.7005289007176931]",11,68
muhammad ali,"[-0.025949964805384078, 0.7005289007176931]",12,69
muhammad ali,"[-0.025949964805384078, 0.7005289007176931]",13,70
muhammad ali,"[-0.025949964805384078, 0.7005289007176932]",14,71
muhammad ali,"[-0.025949964805384078, 0.7005289007176931]",15,72
muhammad ali,"[-0.025949964805384078, 0.7005289007176931]",16,73
muhammad ali,"[-0.025949964805384078, 0.7005289007176931]",17,74
muhammad ali,"[-0.025949964805384078, 0.7005289007176931]",18,75
muhammad ali,"[-0.02594996480538407, 0.7005289007176931]",19,76
muhammad ali,"[-0.02594996480538407, 0.7005289007176931]",20,77
muhammad ali,"[-0.02594996480538407, 0.700528900717693]",21,78
muhammad ali,"[-0.02594996480538407, 0.7005289007176931]",22,79
muhammad ali,"[-0.01818181818181816, 0.9999999999999993]",23,80
muhammad ali,"[-0.01818181818181816, 0.9999999999999993]",24,81
muhammad ali,"[-0.01818181818181816, 0.9999999999999993]",25,82
jordan peele,"[-0.032080516201045704, 0.5665577237325317]",0,57
jordan peele,"[-0.0320805162010457, 0.5665577237325317]",1,58
jordan peele,"[-0.032080516201045704, 0.5665577237325317]",2,59
jordan peele,"[-0.0320805162010457, 0.5665577237325317]",3,60
jordan peele,"[-0.0320805162010457, 0.5665577237325317]",4,61
jordan peele,"[-0.0320805162010457, 0.5665577237325317]",5,62
larry hogan,"[0.70064904974537, -0.026435052857271463]",58,115
larry hogan,"[0.7006490497453701, -0.026435052857271463]",59,116
larry hogan,"[0.70064904974537, -0.026435052857271463]",60,117
larry hogan,"[0.7006490497453701, -0.026435052857271463]",61,118
larry hogan,"[0.70064904974537, -0.026435052857271463]",62,119
larry hogan,"[0.7006490497453701, -0.026435052857271463]",63,120
larry hogan,"[0.70064904974537, -0.026435052857271463]",64,121
larry hogan,"[0.70064904974537, -0.026435052857271463]",65,122
larry hogan,"[0.5667557862184742, -0.03268602252303068]",66,123
larry hogan,"[0.5667557862184741, -0.03268602252303068]",67,124
larry hogan,"[0.5667557862184742, -0.032686022523030676]",68,125
larry hogan,"[0.5667557862184741, -0.032686022523030676]",69,126
larry hogan,"[0.5667557862184742, -0.03268602252303067]",70,127
larry hogan,"[0.5667557862184741, -0.03268602252303067]",71,128
larry hogan,"[0.5667557862184742, -0.03268602252303066]",72,129
larry hogan,"[0.5667557862184741, -0.026435052857271463]",73,130
maxine waters,"[-0.025949964805384085, 0.7005289007176932]",18,75
maxine waters,"[-0.02594996480538408, 0.7005289007176934]",19,76
maxine waters,"[-0.03507153119159473, 0.7005289007176932]",20,77
rex tillerson,"[0.512336458477075, -0.05119125973616261]",0,57
rex tillerson,"[0.512336458477075, -0.05119125973616262]",1,58
rex tillerson,"[0.5123364584770749, -0.05119125973616261]",2,59
rex tillerson,"[0.5123364584770749, -0.05119125973616261]",3,60
rex tillerson,"[0.5123364584770749, -0.05119125973616261]",4,61
rex tillerson,"[0.5123364584770749, -0.05119125973616262]",5,62
rex tillerson,"[0.5123364584770749, -0.05119125973616262]",6,63
rex tillerson,"[0.5123364584770749, -0.051191259736162606]",7,64
rex tillerson,"[0.5123364584770749, -0.051191259736162606]",8,65
rex tillerson,"[0.5123364584770749, -0.05119125973616263]",9,66
rex tillerson,"[0.512336458477075, -0.05119125973616261]",10,67
rex tillerson,"[0.512336458477075, -0.05119125973616261]",11,68
rex tillerson,"[0.512336458477075, -0.051191259736162606]",12,69
rex tillerson,"[0.512336458477075, -0.05119125973616263]",13,70
rex tillerson,"[0.512336458477075, -0.051191259736162606]",14,71
rex tillerson,"[0.512336458477075, -0.05119125973616261]",15,72
rex tillerson,"[0.512336458477075, -0.051191259736162606]",16,73
rex tillerson,"[0.512336458477075, -0.05119125973616263]",17,74
rex tillerson,"[0.512336458477075, -0.051191259736162606]",18,75
rex tillerson,"[0.512336458477075, -0.051191259736162606]",19,76
rex tillerson,"[0.5123364584770749, -0.051191259736162606]",20,77
rex tillerson,"[0.512336458477075, -0.05119125973616263]",21,78
rex tillerson,"[0.5123364584770749, -0.051191259736162606]",22,79
rex tillerson,"[0.512336458477075, -0.051191259736162606]",23,80
rex tillerson,"[0.5123364584770749, -0.051191259736162606]",24,81
rex tillerson,"[0.512336458477075, -0.05119125973616263]",25,82
rex tillerson,"[0.5123364584770749, -0.0511912597361626]",26,83
rex tillerson,"[0.5123364584770749, -0.0511912597361626]",27,84
rex tillerson,"[0.5123364584770749, -0.0511912597361626]",28,85
rex tillerson,"[0.5123364584770749, -0.05119125973616263]",29,86
rex tillerson,"[0.5594309277855154, -0.043850265812209875]",30,87
rex tillerson,"[0.6195970510515065, -0.0357320143258091]",31,88
rex tillerson,"[0.6195970510515065, -0.0357320143258091]",32,89
rex tillerson,"[0.6195970510515065, -0.0357320143258091]",33,90
rex tillerson,"[0.6195970510515065, -0.0357320143258091]",34,91
rex tillerson,"[0.6195970510515065, -0.02503130871608792]",35,92
rex tillerson,"[0.8928130050910502, -0.02503130871608792]",36,93
rex tillerson,"[0.8928130050910502, -0.025031308716087924]",37,94
rex tillerson,"[0.8928130050910502, -0.02503130871608792]",38,95
rex tillerson,"[0.8928130050910502, -0.02503130871608792]",39,96
rex tillerson,"[0.8928130050910502, -0.02503130871608792]",40,97
rex tillerson,"[0.8928130050910502, nan]",41,98
bradley beal,"[0.5667557862184744, -0.03268602252303066]",0,57
bradley beal,"[0.5667557862184744, -0.03268602252303066]",1,58
bradley beal,"[0.5667557862184744, -0.03268602252303066]",2,59
bradley beal,"[0.5667557862184744, -0.03268602252303066]",3,60
bradley beal,"[0.5667557862184744, -0.032686022523030656]",4,61
bradley beal,"[0.5667557862184744, -0.032686022523030656]",5,62
bradley beal,"[0.5667557862184744, -0.03268602252303065]",6,63
bradley beal,"[0.5667557862184744, -0.032686022523030656]",7,64
bradley beal,"[0.5667557862184743, -0.032686022523030656]",8,65
bradley beal,"[0.5667557862184743, -0.032686022523030656]",9,66
bradley beal,"[0.5667557862184743, -0.032686022523030656]",10,67
bradley beal,"[0.5667557862184743, -0.032686022523030656]",11,68
bradley beal,"[0.5667557862184743, -0.032686022523030656]",12,69
bradley beal,"[0.5667557862184743, -0.032686022523030656]",13,70
bradley beal,"[0.5667557862184743, -0.032686022523030656]",14,71
bradley beal,"[0.5667557862184743, -0.032686022523030656]",15,72
bradley beal,"[0.5667557862184743, -0.032686022523030656]",16,73
bradley beal,"[0.5667557862184743, -0.032686022523030656]",17,74
bradley beal,"[0.5667557862184743, -0.032686022523030656]",18,75
bradley beal,"[0.5667557862184743, -0.03268602252303065]",19,76
bradley beal,"[0.5667557862184744, -0.032686022523030656]",20,77
bradley beal,"[0.5667557862184744, -0.032686022523030656]",21,78
bradley beal,"[0.5667557862184744, -0.032686022523030656]",22,79
bradley beal,"[0.5667557862184744, -0.03268602252303066]",23,80
bradley beal,"[0.5667557862184744, -0.032686022523030656]",24,81
bradley beal,"[0.5667557862184744, -0.032686022523030656]",25,82
bradley beal,"[0.5667557862184744, -0.032686022523030656]",26,83
bradley beal,"[0.5667557862184744, -0.032686022523030656]",27,84
bradley beal,"[0.5667557862184744, -0.032686022523030656]",28,85
bradley beal,"[0.5667557862184744, -0.032686022523030656]",29,86
bradley beal,"[0.5667557862184744, -0.032686022523030656]",30,87
bradley beal,"[0.5667557862184744, -0.032686022523030656]",31,88
bradley beal,"[0.5667557862184743, -0.032686022523030656]",32,89
bradley beal,"[0.5667557862184742, -0.032686022523030656]",33,90
bradley beal,"[0.5667557862184742, -0.032686022523030656]",34,91
bradley beal,"[0.5667557862184743, -0.032686022523030656]",35,92
bradley beal,"[0.5667557862184743, -0.03268602252303066]",36,93
bradley beal,"[0.5667557862184742, -0.03268602252303066]",37,94
bradley beal,"[0.5667557862184742, -0.03268602252303066]",38,95
bradley beal,"[0.5667557862184743, -0.03268602252303066]",39,96
bradley beal,"[0.5667557862184742, -0.032686022523030656]",40,97
bradley beal,"[0.5667557862184741, -0.032686022523030656]",41,98
bradley beal,"[0.5667557862184741, -0.032686022523030656]",42,99
bradley beal,"[0.5667557862184742, -0.032686022523030656]",43,100
bradley beal,"[0.5667557862184742, -0.03268602252303066]",44,101
bradley beal,"[0.5667557862184741, -0.03268602252303066]",45,102
bradley beal,"[0.5667557862184741, -0.03268602252303066]",46,103
bradley beal,"[0.5667557862184742, nan]",47,104
michael flynn,"[0.7006490497453702, -0.026435052857271473]",21,78
michael flynn,"[0.7006490497453702, -0.026435052857271473]",22,79
michael flynn,"[0.7006490497453702, -0.026435052857271473]",23,80
michael flynn,"[0.7006490497453702, -0.02643505285727147]",24,81
michael flynn,"[0.7006490497453702, -0.026435052857271473]",25,82
michael flynn,"[0.9999999999999991, -0.018518518518518514]",26,83
michael flynn,"[0.9999999999999991, -0.01851851851851851]",27,84
michael flynn,"[0.9999999999999991, -0.01851851851851851]",28,85
michael flynn,"[0.9999999999999991, -0.018518518518518514]",29,86
michael flynn,"[0.9999999999999991, -0.018518518518518514]",30,87
michael flynn,"[0.9999999999999991, -0.01851851851851851]",31,88
michael flynn,"[0.9999999999999991, -0.01851851851851851]",32,89
michael flynn,"[0.9999999999999991, -0.018518518518518514]",33,90
michael flynn,"[0.9999999999999991, -0.018518518518518514]",34,91
michael flynn,"[0.9999999999999991, -0.01851851851851851]",35,92
michael flynn,"[0.9999999999999991, -0.01851851851851851]",36,93
michael flynn,"[0.9999999999999991, -0.018518518518518514]",37,94
michael flynn,"[0.9999999999999989, -0.018518518518518514]",38,95
michael flynn,"[0.9999999999999989, -0.01851851851851851]",39,96
michael flynn,"[0.9999999999999989, -0.01851851851851851]",40,97
michael flynn,"[0.9999999999999989, -0.018518518518518514]",41,98
michael flynn,"[0.9999999999999989, -0.018518518518518514]",42,99
michael flynn,"[0.9999999999999989, -0.01851851851851851]",43,100
michael flynn,"[0.9999999999999989, -0.01851851851851851]",44,101
michael flynn,"[0.9999999999999989, nan]",45,102
gina raimondo,"[-0.025949964805384102, 0.7005289007176939]",74,131
gina raimondo,"[-0.025949964805384102, 0.7005289007176939]",75,132
gina raimondo,"[-0.025949964805384102, 0.7005289007176937]",76,133
gina raimondo,"[-0.025949964805384095, 0.7005289007176937]",77,134
gina raimondo,"[-0.025949964805384095, 0.7005289007176937]",78,135
gina raimondo,"[-0.025949964805384088, 0.7005289007176935]",79,136
gina raimondo,"[-0.02594996480538409, 0.7005289007176935]",80,137
gina raimondo,"[-0.025949964805384088, 0.7005289007176935]",81,138
gina raimondo,"[-0.025949964805384088, 0.7005289007176936]",82,139
gina raimondo,"[-0.025949964805384088, 0.7005289007176936]",83,140
gina raimondo,"[-0.025949964805384088, 0.7005289007176934]",84,141
gina raimondo,"[-0.025949964805384088, 0.7005289007176935]",85,142
gina raimondo,"[-0.025949964805384085, 0.7005289007176936]",86,143
gina raimondo,"[-0.025949964805384085, 0.7005289007176936]",87,144
gina raimondo,"[-0.025949964805384085, 0.7005289007176934]",88,145
gina raimondo,"[-0.025949964805384085, 0.7005289007176935]",89,146
gina raimondo,"[-0.025949964805384085, 0.7005289007176936]",90,147
gina raimondo,"[-0.025949964805384085, 0.7005289007176936]",91,148
gina raimondo,"[-0.025949964805384085, 0.7005289007176934]",92,149
gina raimondo,"[-0.025949964805384085, 0.7005289007176935]",93,150
gina raimondo,"[-0.025949964805384085, 0.7005289007176936]",94,151
gina raimondo,"[-0.025949964805384085, 0.7005289007176936]",95,152
gina raimondo,"[-0.025949964805384085, 0.7005289007176934]",96,153
gina raimondo,"[-0.025949964805384085, 0.7005289007176934]",97,154
gina raimondo,"[-0.02594996480538408, 0.7005289007176935]",98,155
gina raimondo,"[-0.02594996480538408, 0.7005289007176935]",99,156
gina raimondo,"[-0.02594996480538408, 0.7005289007176932]",100,157
gina raimondo,"[-0.025949964805384088, 0.7005289007176934]",101,158
gina raimondo,"[-0.025949964805384088, 0.7005289007176934]",102,159
gina raimondo,"[-0.025949964805384088, 0.7005289007176934]",103,160
gina raimondo,"[-0.025949964805384088, 0.7005289007176932]",104,161
gina raimondo,"[-0.02594996480538408, 0.7005289007176934]",105,162
gina raimondo,"[-0.025949964805384085, 0.7005289007176934]",106,163
gina raimondo,"[-0.02594996480538408, 0.7005289007176934]",107,164
gina raimondo,"[-0.025949964805384085, 0.7005289007176932]",108,165
gina raimondo,"[-0.025949964805384085, 0.7005289007176934]",109,166
gina raimondo,"[-0.025949964805384088, 0.7005289007176932]",110,167
gina raimondo,"[-0.025949964805384085, 0.7005289007176932]",111,168
lady gaga,"[-0.03507153119159472, 0.6193549149806911]",0,57
lady gaga,"[-0.03507153119159472, 0.6193549149806911]",1,58
lady gaga,"[-0.035071531191594715, 0.6193549149806911]",2,59
lady gaga,"[-0.0350715311915947, 0.6193549149806911]",3,60
lady gaga,"[-0.03507153119159471, 0.6193549149806911]",4,61
lady gaga,"[-0.0350715311915947, 0.6193549149806911]",5,62
lady gaga,"[-0.0350715311915947, 0.619354914980691]",6,63
lady gaga,"[-0.0350715311915947, 0.6193549149806911]",7,64
lady gaga,"[-0.0350715311915947, 0.6193549149806911]",8,65
lady gaga,"[-0.0350715311915947, 0.6193549149806911]",9,66
lady gaga,"[-0.04303314829119349, 0.5590908891056761]",10,67
lady gaga,"[-0.04303314829119349, 0.5590908891056762]",11,68
lady gaga,"[-0.04303314829119349, 0.5590908891056762]",12,69
lady gaga,"[-0.04303314829119349, 0.5590908891056761]",13,70
lady gaga,"[-0.04303314829119349, 0.5590908891056761]",14,71
lady gaga,"[-0.04303314829119349, 0.5590908891056762]",15,72
lady gaga,"[-0.04303314829119349, 0.5590908891056762]",16,73
lady gaga,"[-0.04303314829119349, 0.5590908891056761]",17,74
lady gaga,"[-0.04303314829119349, 0.559090889105676]",18,75
lady gaga,"[-0.04303314829119349, 0.5590908891056761]",19,76
lady gaga,"[-0.04303314829119349, 0.5590908891056762]",20,77
lady gaga,"[-0.04303314829119349, 0.5590908891056761]",21,78
lady gaga,"[-0.04303314829119349, 0.619354914980691]",22,79
lady gaga,"[-0.035071531191594695, 0.619354914980691]",23,80
lady gaga,"[-0.035071531191594695, 0.6193549149806911]",24,81
lady gaga,"[-0.035071531191594695, 0.619354914980691]",25,82
lady gaga,"[-0.0350715311915947, 0.619354914980691]",26,83
novak djokovic,"[1.0, nan]",56,113
novak djokovic,"[1.0, -0.018518518518518517]",57,114
novak djokovic,"[1.0, -0.018518518518518517]",58,115
novak djokovic,"[0.9999999999999999, -0.018518518518518517]",59,116
novak djokovic,"[0.9999999999999997, -0.018518518518518517]",60,117
novak djokovic,"[0.9999999999999996, -0.018518518518518514]",61,118
novak djokovic,"[0.9999999999999996, -0.018518518518518514]",62,119
novak djokovic,"[0.9999999999999996, -0.018518518518518514]",63,120
novak djokovic,"[0.7006490497453703, -0.018518518518518517]",64,121
novak djokovic,"[0.7006490497453705, -0.02643505285727147]",65,122
novak djokovic,"[0.7006490497453703, -0.026435052857271466]",66,123
novak djokovic,"[0.7006490497453705, -0.026435052857271466]",67,124
novak djokovic,"[0.7006490497453703, -0.026435052857271466]",68,125
novak djokovic,"[0.7006490497453705, -0.026435052857271466]",69,126
novak djokovic,"[0.7006490497453703, -0.026435052857271466]",70,127
novak djokovic,"[0.7006490497453705, -0.026435052857271463]",71,128
novak djokovic,"[0.7006490497453705, -0.026435052857271463]",72,129
novak djokovic,"[0.7006490497453705, -0.026435052857271466]",73,130
novak djokovic,"[0.7006490497453705, -0.026435052857271466]",74,131
novak djokovic,"[0.7006490497453705, -0.026435052857271463]",75,132
novak djokovic,"[0.7006490497453705, -0.02643505285727146]",76,133
novak djokovic,"[0.7006490497453705, -0.026435052857271466]",77,134
novak djokovic,"[0.7006490497453705, -0.026435052857271466]",78,135
novak djokovic,"[0.7006490497453705, -0.026435052857271466]",79,136
novak djokovic,"[0.7006490497453702, -0.026435052857271473]",80,137
novak djokovic,"[0.7006490497453702, -0.026435052857271473]",81,138
novak djokovic,"[0.7006490497453702, -0.02643505285727147]",82,139
novak djokovic,"[0.7006490497453702, -0.026435052857271473]",83,140
novak djokovic,"[0.7006490497453702, -0.026435052857271473]",84,141
novak djokovic,"[0.7006490497453702, -0.026435052857271473]",85,142
novak djokovic,"[0.7006490497453702, -0.02643505285727147]",86,143
novak djokovic,"[0.7006490497453702, -0.026435052857271473]",87,144
novak djokovic,"[0.7006490497453702, -0.026435052857271473]",88,145
novak djokovic,"[0.7006490497453702, -0.026435052857271473]",89,146
novak djokovic,"[0.7006490497453702, -0.02643505285727147]",90,147
novak djokovic,"[0.7006490497453702, -0.026435052857271473]",91,148
novak djokovic,"[0.7006490497453702, -0.02643505285727147]",92,149
novak djokovic,"[0.7006490497453702, -0.02643505285727147]",93,150
novak djokovic,"[0.7006490497453702, -0.02643505285727147]",94,151
novak djokovic,"[0.7006490497453702, -0.02643505285727147]",95,152
novak djokovic,"[0.7006490497453702, -0.026435052857271466]",96,153
novak djokovic,"[0.7006490497453703, -0.026435052857271466]",97,154
novak djokovic,"[0.5667557862184743, -0.026435052857271466]",98,155
novak djokovic,"[0.5667557862184743, -0.03268602252303068]",99,156
novak djokovic,"[0.5667557862184743, -0.03268602252303068]",100,157
novak djokovic,"[0.5667557862184743, -0.032686022523030676]",101,158
novak djokovic,"[0.5667557862184743, -0.032686022523030676]",102,159
novak djokovic,"[0.5667557862184743, -0.03268602252303067]",103,160
novak djokovic,"[0.5667557862184742, -0.03268602252303067]",104,161
novak djokovic,"[0.5667557862184742, -0.03268602252303067]",105,162
novak djokovic,"[0.5667557862184742, -0.03268602252303067]",106,163
novak djokovic,"[0.5667557862184741, -0.03268602252303067]",107,164
novak djokovic,"[0.5667557862184742, -0.03268602252303067]",108,165
novak djokovic,"[0.5667557862184741, -0.03268602252303067]",109,166
novak djokovic,"[0.5667557862184742, -0.03268602252303067]",110,167
novak djokovic,"[0.5667557862184741, nan]",111,168
david hogg,"[-0.018181818181818184, 0.9999999999999998]",0,57
david hogg,"[-0.01818181818181818, 0.9999999999999998]",1,58
david hogg,"[-0.01818181818181818, 0.9999999999999997]",2,59
david hogg,"[-0.01818181818181818, 0.9999999999999994]",3,60
david hogg,"[-0.0259499648053841, 0.9999999999999994]",4,61
david hogg,"[-0.025949964805384095, 0.7005289007176936]",5,62
david hogg,"[-0.025949964805384088, 0.7005289007176936]",6,63
david hogg,"[-0.025949964805384088, 0.7005289007176935]",7,64
david hogg,"[-0.025949964805384085, 0.7005289007176934]",8,65
david hogg,"[-0.025949964805384085, 0.7005289007176935]",9,66
david hogg,"[-0.025949964805384085, 0.7005289007176935]",10,67
david hogg,"[-0.025949964805384085, 0.7005289007176935]",11,68
david hogg,"[-0.02594996480538408, 0.7005289007176934]",12,69
david hogg,"[-0.025949964805384078, 0.7005289007176935]",13,70
david hogg,"[-0.025949964805384078, 0.7005289007176935]",14,71
david hogg,"[-0.03507153119159472, 0.6193549149806911]",15,72
david hogg,"[-0.03507153119159472, 0.6193549149806911]",16,73
david hogg,"[-0.035071531191594715, 0.6193549149806911]",17,74
david hogg,"[-0.035071531191594715, 0.6193549149806911]",18,75
david hogg,"[-0.03507153119159471, 0.6193549149806911]",19,76
david hogg,"[-0.0350715311915947, 0.619354914980691]",20,77
david hogg,"[-0.0350715311915947, 0.6193549149806911]",21,78
david hogg,"[-0.0350715311915947, 0.6193549149806911]",22,79
david hogg,"[-0.035071531191594695, 0.6193549149806911]",23,80
david hogg,"[-0.035071531191594695, 0.619354914980691]",24,81
david hogg,"[-0.035071531191594695, 0.6193549149806911]",25,82
david hogg,"[-0.035071531191594695, 0.6193549149806911]",26,83
david hogg,"[-0.0350715311915947, 0.6193549149806911]",27,84
david hogg,"[-0.0350715311915947, 0.619354914980691]",28,85
david hogg,"[-0.0350715311915947, 0.6193549149806911]",29,86
david hogg,"[-0.0350715311915947, 0.6193549149806911]",30,87
david hogg,"[-0.0350715311915947, 0.619354914980691]",31,88
david hogg,"[-0.035071531191594695, 0.619354914980691]",32,89
david hogg,"[-0.035071531191594695, 0.6193549149806911]",33,90
david hogg,"[-0.0350715311915947, 0.6193549149806911]",34,91
david hogg,"[-0.0350715311915947, 0.619354914980691]",35,92
david hogg,"[-0.035071531191594695, 0.619354914980691]",36,93
david hogg,"[-0.035071531191594695, 0.619354914980691]",37,94
david hogg,"[-0.035071531191594695, 0.6193549149806911]",38,95
david hogg,"[-0.035071531191594695, 0.619354914980691]",39,96
david hogg,"[-0.035071531191594695, 0.619354914980691]",40,97
david hogg,"[-0.035071531191594695, 0.619354914980691]",41,98
david hogg,"[-0.035071531191594695, 0.6193549149806911]",42,99
david hogg,"[-0.035071531191594695, 0.619354914980691]",43,100
david hogg,"[-0.0350715311915947, 0.619354914980691]",44,101
david hogg,"[-0.0350715311915947, 0.619354914980691]",45,102
david hogg,"[-0.0350715311915947, 0.619354914980691]",46,103
david hogg,"[-0.0350715311915947, 0.619354914980691]",47,104
david hogg,"[-0.0350715311915947, 0.619354914980691]",48,105
david hogg,"[-0.0350715311915947, 0.619354914980691]",49,106
david hogg,"[-0.0350715311915947, 0.619354914980691]",50,107
david hogg,"[-0.0350715311915947, 0.619354914980691]",51,108
david hogg,"[-0.0350715311915947, 0.619354914980691]",52,109
george floyd,"[1.0, nan]",50,107
george floyd,"[0.7006490497453707, -0.018518518518518517]",51,108
george floyd,"[0.7006490497453707, -0.02643505285727147]",52,109
george floyd,"[0.7006490497453706, -0.02643505285727147]",53,110
george floyd,"[0.7006490497453705, -0.02643505285727147]",54,111
george floyd,"[0.7006490497453705, -0.026435052857271466]",55,112
george floyd,"[0.7006490497453703, -0.026435052857271466]",56,113
george floyd,"[0.7006490497453703, -0.026435052857271466]",57,114
george floyd,"[0.7006490497453703, -0.026435052857271466]",58,115
george floyd,"[0.7006490497453703, -0.02643505285727147]",59,116
george floyd,"[0.7006490497453703, -0.02643505285727147]",60,117
george floyd,"[0.7006490497453703, -0.026435052857271463]",61,118
george floyd,"[0.7006490497453703, -0.026435052857271463]",62,119
george floyd,"[0.7006490497453703, -0.026435052857271463]",63,120
george floyd,"[0.7006490497453703, -0.026435052857271463]",64,121
george floyd,"[0.7006490497453703, -0.026435052857271463]",65,122
george floyd,"[0.7006490497453703, -0.026435052857271463]",66,123
george floyd,"[0.7006490497453703, -0.026435052857271463]",67,124
george floyd,"[0.7006490497453703, -0.026435052857271463]",68,125
george floyd,"[0.7006490497453703, -0.026435052857271463]",69,126
george floyd,"[0.7006490497453703, -0.026435052857271463]",70,127
john fetterman,"[-0.018181818181818184, 0.9999999999999999]",98,155
john fetterman,"[-0.018181818181818184, 0.9999999999999998]",99,156
john fetterman,"[-0.02594996480538409, 0.7005289007176938]",100,157
john fetterman,"[-0.025949964805384095, 0.7005289007176938]",101,158
john fetterman,"[-0.02594996480538409, 0.7005289007176938]",102,159
john fetterman,"[-0.025949964805384095, 0.7005289007176937]",103,160
john fetterman,"[-0.02594996480538409, 0.7005289007176935]",104,161
john fetterman,"[0.3815571220796917, 0.5665577237325318]",105,162
john fetterman,"[0.3202563076101743, 0.6936368469679923]",106,163
john fetterman,"[0.32025630761017426, 0.6936368469679923]",107,164
john fetterman,"[0.3202563076101743, 0.6936368469679922]",108,165
john fetterman,"[0.32025630761017426, 0.6936368469679922]",109,166
john fetterman,"[0.3202563076101743, 0.6936368469679921]",110,167
john fetterman,"[0.32025630761017426, 0.6936368469679921]",111,168
j.k. rowling,"[-0.0320805162010457, 0.5665577237325317]",0,57
j.k. rowling,"[-0.0320805162010457, 0.5665577237325317]",1,58
j.k. rowling,"[-0.0320805162010457, 0.5665577237325317]",2,59
j.k. rowling,"[-0.0320805162010457, 0.5665577237325317]",3,60
j.k. rowling,"[-0.0320805162010457, 0.5665577237325317]",4,61
j.k. rowling,"[-0.0320805162010457, 0.5665577237325317]",5,62
j.k. rowling,"[-0.0320805162010457, 0.5665577237325317]",6,63
j.k. rowling,"[-0.0320805162010457, 0.5665577237325315]",7,64
j.k. rowling,"[-0.0320805162010457, 0.5665577237325315]",8,65
j.k. rowling,"[-0.0320805162010457, 0.7005289007176934]",9,66
j.k. rowling,"[-0.025949964805384085, 0.7005289007176932]",10,67
j.k. rowling,"[-0.025949964805384085, 0.7005289007176934]",11,68
j.k. rowling,"[-0.025949964805384085, 0.7005289007176934]",12,69
j.k. rowling,"[-0.025949964805384085, 0.7005289007176934]",13,70
j.k. rowling,"[-0.037037037037037035, 0.7005289007176932]",14,71
j.k. rowling,"[-0.037037037037037035, 0.7005289007176934]",23,80
j.k. rowling,"[-0.025949964805384078, 0.7005289007176932]",24,81
j.k. rowling,"[-0.025949964805384078, 0.7005289007176932]",25,82
j.k. rowling,"[-0.025949964805384078, 0.7005289007176931]",26,83
j.k. rowling,"[-0.025949964805384078, 0.7005289007176934]",27,84
j.k. rowling,"[-0.025949964805384078, 0.7005289007176932]",28,85
j.k. rowling,"[-0.025949964805384078, 0.7005289007176931]",29,86
j.k. rowling,"[-0.025949964805384078, 0.7005289007176931]",30,87
j.k. rowling,"[-0.02594996480538407, 0.7005289007176932]",31,88
j.k. rowling,"[-0.025949964805384067, 0.7005289007176932]",32,89
j.k. rowling,"[-0.025949964805384067, 0.7005289007176931]",33,90
j.k. rowling,"[-0.02594996480538407, 0.7005289007176931]",34,91
j.k. rowling,"[-0.02594996480538407, 0.7005289007176932]",35,92
j.k. rowling,"[-0.02594996480538407, 0.7005289007176932]",36,93
j.k. rowling,"[-0.02594996480538407, 0.7005289007176931]",37,94
j.k. rowling,"[-0.025949964805384067, 0.7005289007176931]",38,95
giannis antetokounmpo,"[-0.0259499648053841, 0.7005289007176938]",24,81
giannis antetokounmpo,"[-0.025949964805384106, 0.7005289007176937]",25,82
giannis antetokounmpo,"[-0.0259499648053841, 0.7005289007176938]",26,83
giannis antetokounmpo,"[-0.02594996480538409, 0.7005289007176937]",27,84
giannis antetokounmpo,"[-0.025949964805384088, 0.7005289007176936]",28,85
giannis antetokounmpo,"[-0.025949964805384088, 0.7005289007176935]",29,86
giannis antetokounmpo,"[-0.025949964805384088, 0.7005289007176935]",30,87
giannis antetokounmpo,"[-0.025949964805384085, 0.7005289007176936]",31,88
giannis antetokounmpo,"[-0.02594996480538408, 0.7005289007176935]",32,89
giannis antetokounmpo,"[-0.02594996480538408, 0.7005289007176936]",33,90
giannis antetokounmpo,"[-0.02594996480538408, 0.7005289007176934]",34,91
giannis antetokounmpo,"[-0.02594996480538408, 0.7005289007176935]",35,92
giannis antetokounmpo,"[-0.02594996480538408, 0.7005289007176935]",36,93
giannis antetokounmpo,"[-0.02594996480538408, 0.7005289007176935]",37,94
giannis antetokounmpo,"[-0.02594996480538408, 0.7005289007176934]",38,95
giannis antetokounmpo,"[-0.02594996480538408, 0.7005289007176935]",39,96
giannis antetokounmpo,"[-0.025949964805384078, 0.7005289007176935]",40,97
giannis antetokounmpo,"[-0.025949964805384078, 0.7005289007176935]",41,98
giannis antetokounmpo,"[-0.02594996480538408, 0.7005289007176934]",42,99
giannis antetokounmpo,"[-0.02594996480538408, 0.7005289007176935]",43,100
giannis antetokounmpo,"[-0.02594996480538408, 0.7005289007176935]",44,101
giannis antetokounmpo,"[-0.02594996480538408, 0.7005289007176935]",45,102
giannis antetokounmpo,"[-0.02594996480538408, 0.7005289007176934]",46,103
giannis antetokounmpo,"[-0.02594996480538408, 0.7005289007176934]",47,104
giannis antetokounmpo,"[-0.025949964805384085, 0.7005289007176934]",48,105
giannis antetokounmpo,"[-0.025949964805384085, 0.7005289007176934]",49,106
giannis antetokounmpo,"[-0.025949964805384085, 0.7005289007176931]",50,107
giannis antetokounmpo,"[-0.025949964805384085, 0.7005289007176934]",51,108
giannis antetokounmpo,"[-0.025949964805384085, 0.7005289007176932]",52,109
giannis antetokounmpo,"[-0.025949964805384085, 0.7005289007176934]",53,110
giannis antetokounmpo,"[0.3815571220796917, 0.5665577237325317]",54,111
giannis antetokounmpo,"[0.7006490497453701, -0.018518518518518517]",79,136
giannis antetokounmpo,"[0.9999999999999991, -0.018518518518518514]",80,137
giannis antetokounmpo,"[0.9999999999999991, -0.018518518518518514]",81,138
giannis antetokounmpo,"[0.9999999999999991, -0.018518518518518517]",82,139
giannis antetokounmpo,"[0.9999999999999991, -0.018518518518518517]",83,140
giannis antetokounmpo,"[0.9999999999999991, -0.018518518518518514]",84,141
giannis antetokounmpo,"[0.9999999999999991, -0.018518518518518514]",85,142
giannis antetokounmpo,"[0.9999999999999991, -0.018518518518518517]",86,143
giannis antetokounmpo,"[0.9999999999999991, -0.018518518518518517]",87,144
giannis antetokounmpo,"[0.9999999999999991, -0.018518518518518514]",88,145
giannis antetokounmpo,"[0.9999999999999991, -0.018518518518518514]",89,146
giannis antetokounmpo,"[0.9999999999999991, -0.018518518518518514]",90,147
giannis antetokounmpo,"[0.9999999999999991, -0.01851851851851851]",91,148
giannis antetokounmpo,"[0.9999999999999991, -0.01851851851851851]",92,149
giannis antetokounmpo,"[0.9999999999999991, -0.018518518518518514]",93,150
giannis antetokounmpo,"[0.9999999999999991, -0.018518518518518514]",94,151
giannis antetokounmpo,"[0.9999999999999991, -0.01851851851851851]",95,152
giannis antetokounmpo,"[0.9999999999999991, -0.01851851851851851]",96,153
giannis antetokounmpo,"[0.9999999999999991, -0.018518518518518514]",97,154
giannis antetokounmpo,"[0.9999999999999991, -0.018518518518518514]",98,155
giannis antetokounmpo,"[0.9999999999999991, -0.01851851851851851]",99,156
giannis antetokounmpo,"[0.9999999999999991, -0.01851851851851851]",100,157
giannis antetokounmpo,"[0.9999999999999991, -0.018518518518518514]",101,158
giannis antetokounmpo,"[0.9999999999999989, -0.018518518518518514]",102,159
giannis antetokounmpo,"[0.9999999999999989, -0.01851851851851851]",103,160
giannis antetokounmpo,"[0.9999999999999989, -0.01851851851851851]",104,161
giannis antetokounmpo,"[0.9999999999999989, -0.018518518518518514]",105,162
giannis antetokounmpo,"[0.9999999999999989, -0.018518518518518514]",106,163
giannis antetokounmpo,"[0.9999999999999989, -0.01851851851851851]",107,164
giannis antetokounmpo,"[0.9999999999999989, -0.01851851851851851]",108,165
giannis antetokounmpo,"[0.9999999999999989, nan]",109,166
noam chomsky,"[-0.03208051620104573, 0.5665577237325317]",54,111
noam chomsky,"[-0.03208051620104572, 0.5665577237325317]",55,112
noam chomsky,"[-0.032080516201045725, 0.5665577237325317]",56,113
noam chomsky,"[-0.03208051620104571, 0.5665577237325317]",57,114
noam chomsky,"[-0.03208051620104571, 0.5665577237325317]",58,115
noam chomsky,"[-0.037397879600338295, 0.5665577237325317]",61,118
noam chomsky,"[-0.03208051620104571, 0.5665577237325317]",62,119
noam chomsky,"[-0.03208051620104571, 0.5665577237325317]",63,120
noam chomsky,"[-0.032080516201045704, 0.5665577237325317]",64,121
noam chomsky,"[-0.032080516201045704, 0.5665577237325317]",65,122
noam chomsky,"[-0.032080516201045704, 0.5665577237325315]",66,123
noam chomsky,"[-0.0320805162010457, 0.5665577237325315]",67,124
noam chomsky,"[-0.0320805162010457, 0.5665577237325315]",68,125
noam chomsky,"[-0.0320805162010457, 0.5665577237325315]",69,126
noam chomsky,"[-0.0320805162010457, 0.5665577237325315]",70,127
noam chomsky,"[-0.0320805162010457, 0.5665577237325315]",71,128
noam chomsky,"[-0.0320805162010457, 0.5665577237325315]",72,129
noam chomsky,"[-0.0320805162010457, 0.5665577237325315]",73,130
noam chomsky,"[-0.0320805162010457, 0.5665577237325315]",74,131
noam chomsky,"[-0.0320805162010457, 0.5665577237325315]",75,132
noam chomsky,"[-0.0320805162010457, 0.5665577237325315]",76,133
noam chomsky,"[-0.0320805162010457, 0.5665577237325315]",77,134
noam chomsky,"[-0.0320805162010457, 0.5665577237325315]",78,135
noam chomsky,"[-0.0320805162010457, 0.7005289007176934]",79,136
noam chomsky,"[-0.02594996480538408, 0.7005289007176932]",80,137
noam chomsky,"[-0.02594996480538408, 0.7005289007176932]",81,138
noam chomsky,"[-0.02594996480538408, 0.7005289007176934]",82,139
noam chomsky,"[-0.02594996480538408, 0.7005289007176934]",83,140
noam chomsky,"[-0.02594996480538408, 0.7005289007176932]",84,141
noam chomsky,"[-0.02594996480538408, 0.7005289007176932]",85,142
noam chomsky,"[-0.025949964805384085, 0.7005289007176934]",86,143
noam chomsky,"[-0.025949964805384074, 0.7005289007176934]",87,144
noam chomsky,"[-0.025949964805384085, 0.7005289007176931]",88,145
noam chomsky,"[-0.025949964805384085, 0.7005289007176932]",89,146
noam chomsky,"[-0.025949964805384074, 0.7005289007176931]",90,147
noam chomsky,"[-0.025949964805384074, 0.7005289007176932]",91,148
noam chomsky,"[-0.025949964805384085, 0.7005289007176931]",92,149
noam chomsky,"[-0.025949964805384085, 0.7005289007176932]",93,150
noam chomsky,"[-0.025949964805384074, 0.7005289007176931]",94,151
noam chomsky,"[-0.025949964805384074, 0.7005289007176932]",95,152
noam chomsky,"[-0.025949964805384074, 0.7005289007176931]",96,153
noam chomsky,"[-0.025949964805384074, 0.7005289007176932]",97,154
noam chomsky,"[-0.025949964805384074, 0.7005289007176931]",98,155
noam chomsky,"[-0.025949964805384074, 0.7005289007176931]",99,156
noam chomsky,"[-0.025949964805384074, 0.7005289007176931]",100,157
noam chomsky,"[-0.02594996480538407, 0.7005289007176932]",101,158
noam chomsky,"[-0.02594996480538407, 0.7005289007176931]",102,159
noam chomsky,"[-0.02594996480538407, 0.7005289007176931]",103,160
noam chomsky,"[-0.02594996480538407, 0.7005289007176931]",104,161
noam chomsky,"[-0.02594996480538407, 0.7005289007176932]",105,162
noam chomsky,"[-0.02594996480538407, 0.7005289007176931]",106,163
noam chomsky,"[-0.02594996480538407, 0.7005289007176931]",107,164
noam chomsky,"[-0.02594996480538407, 0.700528900717693]",108,165
deb haaland,"[1.0, nan]",71,128
deb haaland,"[1.0, -0.018518518518518517]",72,129
deb haaland,"[1.0, -0.018518518518518517]",73,130
deb haaland,"[0.9999999999999999, -0.018518518518518517]",74,131
deb haaland,"[0.9999999999999997, -0.018518518518518517]",75,132
deb haaland,"[0.9999999999999996, -0.018518518518518514]",76,133
deb haaland,"[0.9999999999999996, -0.018518518518518514]",77,134
deb haaland,"[0.9999999999999996, -0.018518518518518514]",78,135
deb haaland,"[0.9999999999999994, -0.018518518518518517]",79,136
deb haaland,"[0.7006490497453703, -0.02643505285727147]",80,137
deb haaland,"[0.7006490497453703, -0.026435052857271466]",81,138
deb haaland,"[0.7006490497453703, -0.026435052857271466]",82,139
deb haaland,"[0.7006490497453703, -0.026435052857271466]",83,140
deb haaland,"[0.7006490497453703, -0.026435052857271466]",84,141
deb haaland,"[0.7006490497453703, -0.026435052857271466]",85,142
deb haaland,"[0.7006490497453703, -0.026435052857271466]",86,143
